total=2528224
fz=5
fv=145
fw=944
fx=0
fy=411
gc=484
gd=492
ge=6260
gf=837
ga=6523
gb=920
fk=107
fj=98
fm=739
fl=1564
fg=275
ff=3307
fi=5561
fh=2145
fs=1135
fr=6058
fu=2017
ft=8320
fo=8726
fn=305
fq=17
fp=589
gy=250
gz=9
gw=1269
gx=0
hf=428
hg=210
hd=430
he=75512
hb=462
hc=515
ha=30064
gn=1372
gm=615
gl=1862
gk=47
gj=63
gi=3807
gh=8194
gg=685
gv=104
gu=1743
gt=4959
gs=2028
gr=3352
gq=40
gp=578
go=4826
dt=14023
du=1920
dv=681
dw=4226
dx=1
dy=1861
dz=34
ea=25488
eb=4949
ec=11898
ed=32833
de=15050
dd=3149
dg=1583
df=2634
di=11991
dh=7508
dk=502
dj=477
dm=2428
dl=2786
do=9109
dn=4422
dq=199
dp=2622
ds=7460
dr=5351
ew=12183
ex=3135
eu=1392
ev=6689
ey=5089
ez=213
fa=5918
fd=357
fe=4924
fb=576
fc=644
eh=8929
eg=4460
ef=8532
ee=11117
el=13471
ek=1159
ej=345
ei=8522
ep=7887
eo=8556
en=29075
em=11432
et=18878
es=29995
er=47970
eq=623
cb=28
ca=6795
bz=0
bw=36
bv=49
by=2552
bx=0
bs=494
br=1979
bu=5281
bt=282
bn=18
bo=4101
bp=6
bq=1
bj=176
bk=0
bl=3637
bm=76
bf=4
bg=2
bh=18
bi=1034
bb=236
bc=11
bd=21
be=11394
dc=2004
db=4710
da=11545
cz=6
cy=313
cx=0
cw=65
cv=6
cu=1694
ct=4170
cs=179
cq=120
cr=2085
co=12863
cp=28
cm=17
cn=6
ck=2627
cl=2022
ci=2596
cj=2
cg=18
ch=11264
ce=13181
cf=33
cc=1097
cd=39
az=387
ay=5568
ba=3235
at=29165
as=23129
ar=18623
aq=106
ax=51
aw=3308
av=4765
au=2550
ak=2696
al=15092
ai=9068
aj=243
ao=214
ap=5285
am=5765
an=46070
ac=8199
ad=12133
aa=631
ab=4307
ag=4168
ah=1064
ae=218
af=2624
nu=1385
nt=25813
ns=8992
nr=961
nq=312
np=1303
no=15579
nn=2496
nz=31
ny=2467
nx=84
nw=3002
nv=948
oe=1053
of=17633
oc=2402
od=4133
oa=3373
ob=2432
om=12302
on=28264
ok=3733
ol=8629
oi=3063
oj=208
og=1515
oh=3657
ot=14744
os=8946
ov=7015
ou=23820
op=4078
oo=8169
or=20677
oq=70
ox=141
ow=11333
oz=128
oy=1314
pd=44
pe=8500
pf=197
pg=23
pa=5327
pb=153
pc=182
pl=4277
pm=103
pn=57
po=5002
ph=666
pi=4385
pj=14
pk=28
lo=9156
ln=444
lm=940
ll=13512
ls=2555
lr=843
lq=44
lp=787
lw=1320
lv=522
lu=1605
lt=3881
lz=27
ly=10263
lx=0
mc=276
md=223
ma=11590
mb=1681
mg=155
mh=1094
me=15367
mf=469
mk=58
ml=333
mi=5835
mj=23
mn=524
mm=1648
mp=3775
mo=7416
mr=284
mq=23
mt=2708
ms=2644
mv=87
mu=1820
mx=0
mw=1003
mz=1
my=2605
na=11470
nb=1605
nc=10296
nd=35398
ne=15772
nf=2206
ng=25508
nh=4034
ni=8639
nj=213
nk=1677
nl=2792
nm=1171
jx=0
jy=0
jv=0
jw=0
jt=0
ju=1183
jr=0
js=0
jp=0
jq=0
jn=0
jo=716
jl=0
jm=0
jj=0
jk=0
kj=10
ki=3744
kh=1267
kg=81
kf=196
ke=5731
kd=76
kc=154
kb=210
ka=1436
jz=0
kw=413
kx=0
ky=209
kz=1
ks=1050
kt=756
ku=751
kv=22
ko=1194
kp=150
kq=14
kr=202
kk=12
kl=422
km=143
kn=2172
li=10281
lh=916
lk=1150
lj=24
le=17414
ld=7288
lg=391
lf=2755
la=9152
lc=532
lb=714
hr=1577
hs=1236
hp=501
hq=31
hv=84
hw=1080
ht=6863
hu=1711
hj=42
hk=151
hh=2100
hi=26744
hn=415
ho=14452
hl=379
hm=868
id=9121
ic=8848
ib=1471
ia=3640
ih=594
ig=4359
if=3846
ie=8514
hz=7
hy=1168
hx=0
iq=43
ir=6027
is=22561
it=21842
iu=175
iv=3497
iw=668
ix=291
ii=355
ij=15
ik=1509
il=8629
im=10132
in=48527
io=7559
ip=912
jc=0
jb=0
je=565
jd=0
jg=0
jf=0
ji=11
jh=0
iz=596
iy=14
ja=99
xj=1
xk=1
xh=89
xi=417
xn=8
xo=27
xl=10
xm=17
xr=12
xs=22
xp=1370
xq=4
xv=87
xw=36
xt=517
xu=20
wz=2
wy=200
wx=1
ww=816
xc=614
xb=8
xa=369
xg=2
xf=15
xe=320
xd=3
wg=117
wh=12750
wi=10683
wj=24
wk=94
wl=374
wm=292
wn=2436
wo=5014
wp=192
wq=27
wr=691
ws=1429
wt=1285
wu=104
wv=51
vw=445
vv=8
vy=128
vx=1
vz=1
wb=348
wa=13136
wd=623
wc=314
wf=318
we=7880
vl=291
vm=46
vj=8
vk=32
vh=245
vi=4895
vf=77
vg=63
vt=254
vu=32
vr=211
vs=808
vp=61
vq=3
vn=595
vo=1563
uz=613
uy=74
ux=43
uw=415
uv=137
uu=37
ve=14627
vd=86
vc=91
vb=94
va=2236
ui=1882
uj=12
uk=490
ul=6448
ue=1933
uf=401
ug=3377
uh=367
uq=4
ur=8212
us=9332
ut=11360
um=1598
un=8847
uo=233
up=2878
ty=4004
tx=1
tz=160
tu=4490
tt=14253
tw=5810
tv=261
ub=1025
ua=1842
ud=1624
uc=2241
to=29110
tn=1521
tm=2116
tl=4203
ts=8458
tr=6917
tq=104
tp=1652
tg=810
tf=1960
te=19914
td=1731
tk=563
tj=151
ti=18584
th=79399
tb=2471
tc=2177
ta=15200
su=4500
sv=568
ss=14533
st=24814
sy=911
sz=17
sw=5551
sx=19
sl=2737
sk=2433
sn=2610
sm=3987
sp=5193
so=13978
sr=1578
sq=406
sd=1839
sc=4436
sf=3076
se=19183
sh=15218
sg=1067
sj=238
si=13454
rz=88
sa=17557
sb=2976
rr=5587
rs=10843
rt=9310
ru=3238
rv=985
rw=2404
rx=212
ry=6129
rq=72
rp=1637
ro=16743
rn=3241
rm=4108
rl=2032
rk=1109
rj=78
ri=15099
rh=3099
rg=1844
rf=1918
re=36492
rd=5148
rc=2511
rb=1562
ra=12564
qy=0
qz=0
qw=0
qx=0
qu=2329
qv=0
qs=0
qt=0
qq=0
qr=1
qn=0
qm=0
qp=0
qo=0
qj=0
qi=0
ql=0
qk=0
qf=0
qe=0
qh=0
qg=0
qb=0
qa=0
qd=0
qc=0
px=0
py=373
pz=0
pt=2562
pu=1196
pv=9
pw=272
pp=2673
pq=10
pr=7909
ps=1204
zz=47
zf=5
zg=1
zh=162
zi=252
zb=7
zc=4
zd=32
ze=738
za=166
yy=335
yz=15
zw=18
zv=4
zy=14
zx=0
zs=8
zr=3
zu=131
zt=13
zo=640
zn=22
zq=1
zp=3
zk=4
zj=0
zm=66
zl=47
yg=605
yh=2251
ye=3161
yf=1416
yc=1324
yd=1453
ya=6073
yb=1698
xz=0
xx=79
xy=12
yx=1
yw=2584
yv=177
yu=301
yt=5247
ys=3839
yr=943
yq=56
yp=1006
yo=7886
yn=707
ym=1033
yl=967
yk=234
yj=109
yi=2843